189.5
119.0
101.0
388.5
910.0
-5.0
-3.15789473684
3.94736842105
9.0
1.44736842105
12.4736842105
5.0
19.7105263158
33.0
18.0
-16.4473684211
-10.0
-15.0
-20.0
-13.0263157895
-15.0
-15.0
-15.0
-17.5
-10.0
-46.5
-14.8684210526
-5.0
16.3684210526
28.6052631579
51.5789473684
51.1315789474
78.9473684211
52.0
3.57894736842
-52.9473684211
-66.5
-85.5
-86.9473684211
-87.0789473684
-88.3947368421
-83.0
-83.0
-78.5
-98.0
-32.0
-5.0
7.0
19.0
34.0
54.5
56.0789473684
66.4736842105
21.3684210526
-20.0
-34.0
-44.0
-64.0
-64.0
-64.0
-65.8421052632
-64.3947368421
-59.0
-64.0
-78.0
29.0
8.5
1.52631578947
-12.0
-16.3684210526
-33.6842105263
-29.0
-50.5
-47.4210526316
-14.1052631579
32.3421052632
36.0
49.0
50.9473684211
48.4736842105
51.0
49.0
46.0
45.0526315789
53.0
6.0
-5.0
-6.78947368421
-10.0
-18.0
-26.0
-28.1315789474
-30.4210526316
5.15789473684
18.3157894737
6.18421052632
12.0
17.0
15.0
19.0
17.0
13.5
14.5
15.0526315789
23.0
-39.0
-10.0263157895
4.5
20.5
32.5789473684
51.6578947368
50.0
73.5
39.7631578947
-10.3157894737
-44.0
-57.5
-76.6315789474
-78.0789473684
-76.0
-78.2368421053
-74.3157894737
-71.5526315789
-70.0
-88.0
-13.0
1.05263157895
15.0
6.71052631579
5.92105263158
-20.3684210526
-27.2105263158
-32.3421052632
-52.7631578947
-51.7631578947
-34.7105263158
-38.0
-43.0
-38.2631578947
-28.0
-23.0
-21.1578947368
-19.3157894737
-13.0
-5.0
-20.0
-5.65789473684
3.02631578947
10.0
14.0
-20.0
-36.7631578947
-29.0
-43.2105263158
-40.7105263158
-33.6052631579
-44.0
-49.0
-49.0
-34.0
-32.9473684211
-24.6315789474
-22.1052631579
-19.7368421053
0.0
-34.0
-15.7105263158
0.0
10.0
25.7368421053
15.0
0.0
10.0
-19.0
-34.0
-49.0
-55.3684210526
-73.0
-73.0
-63.0
-53.6578947368
-49.0
-45.9736842105
-44.0
-34.0
-39.0
-22.2105263158
-10.0
-5.0
3.15789473684
-2.23684210526
-3.68421052632
10.0
0.0
-18.9473684211
-39.0
-49.0
-64.0
-64.0
-54.0
-51.5
-46.5
-41.6315789474
-41.5
-29.0
-32.0
-15.0
-13.2894736842
-5.0
-3.55263157895
5.0
-3.28947368421
14.0
9.78947368421
-0.131578947368
-34.0
-39.0
-54.0
-49.0
-49.0
-44.0
-49.0
-39.0
-39.0
-44.0
-14.0
-9.0
-7.94736842105
0.0
0.0
5.0
0.657894736842
10.0
20.7894736842
15.1315789474
-14.0
-22.9473684211
-29.0
-31.6315789474
-24.0
-24.0
-28.6052631579
-29.0
-29.0
-24.0
-12.5
-10.0
9.0
57.0
110.342105263
160.0
156.184210526
33.0
-137.0
-274.0
-303.921052632
-275.736842105
-223.210526316
-127.0
-80.1052631579
-49.3947368421
-34.0
-13.1578947368
-5.0
5.0
-98.0
-101.684210526
-65.0
8.42105263158
60.2894736842
218.078947368
373.684210526
510.763157895
621.184210526
482.0
262.973684211
149.684210526
121.657894737
126.0
68.1842105263
36.5
29.0
10.2105263158
-8.15789473684
-25.0
-73.5
-88.0
-64.0
-39.2631578947
-29.0263157895
69.0263157895
221.526315789
481.710526316
776.631578947
769.736842105
576.026315789
420.052631579
353.815789474
257.0
161.289473684
96.0
66.7368421053
32.0263157895
2.13157894737
-15.0
53.0
49.0
30.9736842105
-34.0789473684
-85.0
-187.210526316
-260.578947368
-275.0
-241.789473684
-100.368421053
19.6842105263
61.8947368421
45.0
-1.55263157895
1.21052631579
5.0
0.868421052632
0.0
5.0
10.0
22.0
32.0
32.0
41.0
64.6578947368
40.3157894737
-33.2368421053
-227.921052632
-464.0
-524.0
-445.5
-345.947368421
-287.421052632
-198.394736842
-131.0
-77.2105263158
-61.2368421053
-27.3684210526
-11.0
2.0
-87.0
-98.3421052632
-64.0
-12.7894736842
13.5789473684
143.263157895
301.0
490.0
701.789473684
627.5
419.526315789
288.263157895
238.0
187.0
114.552631579
67.0
44.6315789474
21.7631578947
-3.0
-21.0
-5.0
21.1052631579
75.5
93.5263157895
66.5
28.2631578947
-53.7631578947
-269.210526316
-576.421052632
-834.736842105
-932.5
-928.684210526
-778.526315789
-591.5
-448.0
-257.342105263
-111.0
-43.0
-8.15789473684
15.0
12.0
88.1578947368
195.184210526
293.131578947
199.394736842
4.86842105263
-365.736842105
-991.0
-1682.15789474
-2168.60526316
-2128.0
-1822.5
-1413.5
-992.552631579
-701.868421053
-408.842105263
-188.157894737
-68.7631578947
5.0
48.0
-34.0
53.6842105263
193.578947368
324.815789474
414.0
541.0
363.552631579
-166.0
-800.0
-1431.0
-1554.5
-1437.5
-1188.10526316
-849.184210526
-615.0
-380.0
-181.342105263
-75.6315789474
-16.9473684211
20.0
-29.0
30.4473684211
142.842105263
378.605263158
668.0
1126.81578947
1088.86842105
328.210526316
-556.0
-1240.0
-1401.0
-1210.0
-927.0
-610.0
-438.026315789
-273.447368421
-149.921052632
-57.9473684211
-13.8157894737
17.0
-39.0
-20.0
40.3157894737
216.894736842
442.026315789
789.0
868.657894737
473.368421053
-66.5789473684
-552.421052632
-808.0
-756.289473684
-573.552631579
-356.736842105
-248.947368421
-156.078947368
-90.5
-39.0
-6.57894736842
2.5
-24.0
-6.5
20.5263157895
151.736842105
301.184210526
529.578947368
600.894736842
322.736842105
-53.0
-389.894736842
-562.894736842
-531.0
-418.894736842
-253.342105263
-170.0
-106.736842105
-58.0
-21.6315789474
-0.736842105263
10.0
NA
NA
NA
NA
NA
NA
NA
NA
NA
NA
NA
NA
5.0
9.0
18.0
18.0
30.1052631579
43.0
50.7368421053
62.0
73.8421052632
91.0
116.0
131.0
135.0
135.0
121.0
87.0
48.0
18.0
-4.47368421053
-10.0
-25.0
-25.0
-20.0
-15.0
0.0
24.0
29.0
67.0
101.0
145.0
204.0
257.0
306.0
341.842105263
341.315789474
274.105263158
184.0
96.0
39.2631578947
14.0
-20.0
-30.0
-25.0
-32.1052631579
-25.0
-15.0
0.0
14.0
39.0
72.0
101.0
135.0
179.0
213.0
233.0
194.0
140.0
80.4210526316
39.0
24.0
7.0
7.0
0.0
-5.0
-17.0
-27.4210526316
-41.0
-63.0
-87.0
-119.0
-158.0
-194.947368421
-221.0
-240.789473684
-233.0
-182.0
-115.842105263
-58.0
-20.0
-8.0
2.0
15.0
18.2631578947
20.5789473684
24.0
26.2105263158
24.0
23.2631578947
12.0
7.0
0.0
-7.0
-26.0
-43.0
-55.0
-56.8421052632
-50.0
-34.1578947368
-22.0
-17.0
-22.0
-27.0
-25.0
-22.0
-13.0
5.0
14.0
41.0
68.7894736842
106.0
152.0
196.0
243.0
276.789473684
288.842105263
234.473684211
162.631578947
90.2631578947
36.4210526316
19.0
20.0
54.0
69.0
78.0
88.0
105.105263158
113.0
127.0
137.0
166.0
191.0
188.105263158
176.0
165.736842105
132.0
93.0
59.0
31.4736842105
15.0
5.0
48.0
115.210526316
150.0
175.0
204.0
233.526315789
275.947368421
330.736842105
399.0
471.210526316
543.315789474
584.0
584.0
534.157894737
428.0
294.947368421
170.0
77.0
23.0
0.0
29.0
77.0
118.631578947
141.0
165.0
199.0
243.0
292.0
351.0
419.0
487.0
541.0
556.0
541.0
482.0
357.105263158
222.0
116.0
48.0
10.0
19.0
67.0
97.0
121.0
160.0
177.894736842
214.0
266.263157895
326.0
401.368421053
477.263157895
546.0
575.0
572.894736842
519.947368421
381.0
228.263157895
121.0
44.5263157895
10.0
14.0
44.0
67.0
82.0
101.0
121.0
150.0
184.0
228.0
292.0
355.0
411.368421053
438.0
453.0
417.684210526
311.0
183.263157895
91.0
34.0
5.0
15.0
35.0
53.0
68.0
87.0
97.0
117.0
146.0
179.210526316
224.0
278.0
317.0
341.0
346.0
312.0
229.0
131.0
63.0
25.0
5.0
